0
2.99988e-07
2.99988e-07
3.00018e-07
8.00018e-07
5.99976e-07
6.00006e-07
8.00018e-07
1.19998e-06
1.60001e-06
2.20001e-06
1.70001e-06
4.5e-06
7.09998e-06
1.5e-06
1.60001e-06
2.69998e-06
4.70001e-06
1.69998e-06
2e-06
1.07e-05
2.30002e-06
6.30002e-06
3e-06
7.5e-06
2.69998e-06
6.39999e-06
3e-06
3e-06
3e-06
3e-06
1.02e-05
9.5e-06
3.60001e-06
7.60001e-06
6.70001e-06
7.80002e-06
6.19998e-06
1.27e-05
4.5e-06
1.3e-05
8.60001e-06
4.59998e-06
6.5e-06
1.23e-05
1.05e-05
5.20001e-06
5.79999e-06
1.75e-05
1.45e-05
5.79999e-06
8.29999e-06
1.33e-05
1.53e-05
7.10001e-06
1.04e-05
7.5e-06
2.25e-05
7.29999e-06
2e-05
2.08e-05
1.83e-05
1.52e-05
7.69998e-06
2.14e-05
1.26e-05
2.44e-05
1.32e-05
1.52e-05
2.31e-05
1.34e-05
2.07e-05
1.96e-05
2.18e-05
2.14e-05
2.8e-05
1.32e-05
1.65e-05
2.84e-05
1.63e-05
2.58e-05
1.57e-05
1.7e-05
1.66e-05
2.29e-05
1.53e-05
1.62e-05
2.21e-05
2.47e-05
2.98e-05
1.87e-05
1.36e-05
2.96e-05
2.19e-05
2.82e-05
3.22e-05
1.92e-05
3.34e-05
2.64e-05
2.85e-05
2.42e-05
3.97e-05
1.96e-05
2.59e-05
2.99e-05
2.31e-05
2.96e-05
3.13e-05
5.54e-05
2.85e-05
2.3e-05
2.68e-05
2.54e-05
2.88e-05
4.29e-05
3.83e-05
3.36e-05
5.9e-05
3.88e-05
4.49e-05
3.85e-05
3.71e-05
4.11e-05
4.05e-05
5.67e-05
2.37e-05
3.06e-05
4.1e-05
5.05e-05
4.15e-05
3.29e-05
7.29e-05
4.31e-05
2.72e-05
6.5e-05
3.58e-05
2.62e-05
4.54e-05
5.52e-05
5.08e-05
3.92e-05
8.2e-05
4.64e-05
4.4e-05
5.97e-05
5.34e-05
5e-05
6.31e-05
5.36e-05
4.3e-05
5.09e-05
5.08e-05
7.53e-05
3.99e-05
6e-05
6.94e-05
0.0001019
0.0001064
4.21e-05
5.68e-05
4.22e-05
4.84e-05
0.000103
8.32e-05
8.62e-05
8.7e-05
8.09e-05
0.0001912
0.0001452
0.0001523
0.0002559
0.000205
0.0001263
0.0002329
8.83e-05
0.0001243
0.0001173
7.78e-05
0.0001331
0.0001277
0.0001096
7.7e-05
0.0001408
0.0001097
8.83e-05
0.0001392
0.0001079
9.58e-05
0.0001207
9.77e-05
8.63e-05
7.95e-05
9.51e-05
0.0001157
8.6e-05
0.0001172
5.78e-05
8.09e-05
7.03e-05
0.0001004
0.0001297
9.79e-05
6.4e-05
0.0001347
9.79e-05
0.0001129
7.45e-05
0.0001235
0.0001396
0.0001196
0.0001233
0.0001682
0.0001545
0.0001366
0.0001209
0.0001479
0.0001313
0.000129
0.000105
7.95e-05
0.0001031
0.0001166
0.0001063
0.000169
0.0001372
0.0001429
0.0001422
0.000143
0.0001252
0.000128
0.0001127
0.0001298
0.0001489
0.0001767
0.0001383
0.0001716
0.000119
0.0001651
0.0001373
0.0001336
0.0001146
9.09e-05
0.0001503
0.0002155
0.0001189
0.000324
0.0001759
0.0002833
0.0001148
0.000124
8.04e-05
0.0001136
0.0001092
0.0001347
0.0001374
0.000233
0.0001676
0.0002291
0.0001319
0.00024
0.0001406
0.0001739
0.0002545
0.00027
0.0001378
0.0003265
0.000427
0.0003752
0.0001464
0.0001412
0.0002022
0.0001249
0.0002318
0.0001974
0.00032
0.0002199
0.000172
0.0002627
0.0002268
0.0001421
0.0001197
0.0001907
0.0001727
0.0001374
0.0001472
0.0001927
0.0001466
0.0001033
0.000136
0.0002055
0.0001312
0.0001614
0.0001433
0.0001028
0.0001055
0.0001478
0.0001369
0.0001449
0.0001738
0.0001529
0.0002486
0.0001474
0.0001339
0.0001701
0.000172
0.0001265
0.0001904
0.0002021
0.000122
0.0001446
0.000128
0.0001847
0.0001411
0.0001286
0.0002015
0.0001866
0.000145
0.0001483
0.000145
0.0001525
0.0001189
0.000203
0.0001258
0.0001545
0.0001544
0.0002451
0.0001366
0.0001742
0.0001466
0.0002037
0.0002633
0.000132
0.0001417
0.0001269
0.0002439
0.0002191
0.0002059
0.0001281
0.0001562
0.0001663
0.0001888
0.0002088
0.0001295
0.0001313
0.0001521
0.0001911
0.0001297
0.000195
0.0003901
0.0002429
0.0002446
0.0003239
0.0001592
0.0003746
0.0003148
0.0002658
0.000341
0.000273
0.0002825
0.0003575
0.0002872
0.0003781
0.0003565
0.0002456
0.0002244
0.0003867
0.0003364
0.0003483
0.0003979
0.0003059
0.0002842
0.0004579
0.0003546
0.0003341
0.0003211
0.0003516
0.0002436
0.0004019
0.000229
0.0002278
0.0003817
0.0004504
0.0002519
0.0004679
0.0001934
0.0003115
0.0004323
0.0001983
0.0002953
0.0002105
0.0002411
0.0002066
0.0001712
0.0002573
0.0002279
0.0003628
0.000399
0.0002975
0.0003617
0.0002791
0.0003655
0.000244
0.0008774
0.0004077
0.0002561
0.0002832
0.0003598
0.0003195
0.0004303
0.0003148
0.0006486
0.0003762
0.0004847
0.0003135
0.000366
0.0003471
0.0002808
0.0003751
0.000472
0.0003806
0.0003426
0.0003695
0.0002907
0.0002078
0.0003334
0.0003431
0.0004705
0.0005365
0.0003092
0.0003872
0.0003647
0.0004284
0.0003305
0.0004293
0.0006935
0.0007611
0.0004791
0.0003675
0.0002152
0.0004565
0.0004032
0.0005838
0.0005201
0.0003127
0.0004232
0.0004708
0.000381
0.0004404
0.0002243
0.0002758
0.0003557
0.0002183
0.0002181
0.0002867
0.0002321
0.000286
0.0002461
0.0003077
0.0003236
0.000485
0.0002885
0.0004102
0.0005288
0.0003227
0.0004251
0.0003176
0.0003471
0.0003977
0.0004717
0.0007031
0.0004316
0.000504
0.0006535
0.0005799
0.0006093
0.0002677
0.0004929
0.0005351
0.0005937
0.000291
0.0004529
0.0003784
0.0004727
0.0003518
0.0003027
0.0004
0.0002427
0.0003751
0.0004013
0.000366
0.0003607
0.0003499
0.0003093
0.0003068
0.0003244
0.0004478
0.0003925
0.0005005
0.0004324
0.0003399
0.0004032
0.0003752
0.0003588
0.0003246
0.0003473
0.0004792
0.0004355
0.0003548
0.0003056
0.0003978
0.0008555
0.0004067
0.0003944
0.0003003
0.0007988
0.00037
0.0005775
0.0006273
0.0003761
0.0004716
0.0004392
0.0003326
0.0003838
0.0003316
0.0004648
0.0002813
0.0003575
0.0003487
0.0004648
0.0004082
0.0005991
0.0003913
0.0004441
0.0003379
0.0003863
0.0004357
0.0003944
0.0003923
0.0004974
0.0003231
0.000413
0.0004613
0.0004151
0.0002794
0.0005822
0.0003379
0.0005657
0.0006072
0.0005569
0.0006332
0.0004773
0.000511
0.0004789
0.0003115
0.000731
0.0004452
0.0006317
0.0006784
0.0004599
0.0004686
0.0004692
0.0003629
0.0004697
0.0006654
0.000446
0.0004923
0.0003941
0.0003223
0.0003922
0.0006482
0.0006037
0.0005128
0.0003535
0.0004434
0.0005466
0.0006465
0.0004093
0.0005236
0.0010361
0.0006909
0.0010325
0.0008346
0.0005459
0.0005446
0.0006877
0.0006004
0.0005953
0.000817
0.0006527
0.0007766
0.0006777
0.0006805
0.0007792
0.0004943
0.0006404
0.0005352
0.0003793
0.0005205
0.000518
0.0004121
0.0004407
0.0004655
0.0005442
0.0005075
0.0003729
0.001058
0.0008595
0.0006346
0.0005393
0.0005009
0.0006603
0.0006019
0.000663
0.0008225
0.0008161
0.0004383
0.0005807
0.0005514
0.0005521
0.0005443
0.0004656
0.000533
0.0005818
0.0004789
0.0006377
0.0005727
0.000649
0.0007807
0.00075
0.0008141
0.0009193
0.0005397
0.0003901
0.0005461
0.0006181
0.000666
0.0003943
0.000512
0.0006435
0.0005836
0.000474
0.0006049
0.0005749
0.0006325
0.0008464
0.0005452
0.0007992
0.0010832
0.0010921
0.0007895
0.0005644
0.0006277
0.0005928
0.0006556
0.0005012
0.0006162
0.0005953
0.0007625
0.0005485
0.0005938
0.000671
0.0007704
0.000649
0.0007265
0.0006418
0.0006397
0.0007176
0.0007249
0.0007195
0.0008089
0.0007972
0.0008322
0.0007338
0.0011879
0.0008575
0.0008946
0.0009026
0.0008066
0.0008967
0.0006625
0.000724
0.0005329
0.0011971
0.0010058
0.000682
0.000638
0.0006587
0.0006713
0.0006692
0.0007185
0.0006118
0.0006898
0.0006899
0.0008228
0.000723
0.0006785
0.0005717
0.0009103
0.0008857
0.0007348
0.0006674
0.0006446
0.0008162
0.0008145
0.00084
0.000668
0.0008113
0.0007423
0.0007166
0.0006111
0.0007588
0.0006893
0.0010358
0.0006288
0.000709
0.0008172
0.0006734
0.0006267
0.0005894
0.0008339
0.0008876
0.0006466
0.0007765
0.0006111
0.0007687
0.001099
0.0009464
0.0010721
0.0010406
0.0006762
0.0010635
0.0008297
0.0007122
0.0009258
0.0010301
0.0007604
0.0011191
0.0009339
0.0010396
0.0012207
0.00135
0.0032534
0.0013049
0.000959
0.0035093
0.0078241
0.0009813
0.0010954
0.0011502
0.0012597
0.0009878
0.0010006
0.0012255
0.0013828
0.0010438
0.0014441
0.0010761
0.0015291
0.0013097
0.0015627
0.0011613
0.0010475
0.0010028
0.0011658
0.0011313
0.0016111
0.0007547
0.0008821
0.001133
0.0011919
0.0011589
0.0009491
0.0016418
0.0009194
0.0009931
0.000795
0.0009772
0.0010021
0.0008896
0.0010409
0.0010018
0.0010217
0.0008611
0.0007639
0.0010211
0.0015299
0.0015704
0.0014734
0.0012408
0.0015197
0.0013817
0.0015934
0.001468
0.0012126
0.0011005
0.001707
0.0014118
0.0016205
0.0010963
0.0013148
0.0012575
0.0016003
0.001345
0.0011762
0.0017167
0.002414
0.0027893
0.001321
0.0013853
0.0018973
0.0019096
0.0017506
0.0021752
0.0013844
0.0014496
0.0015351
0.0027509
0.0012685
0.0014736
0.0019157
0.0018037
0.0037882
0.0013382
0.0012976
0.0016731
0.0016006
0.0012918
0.0011151
0.0016699
0.001589
0.001973
0.0015505
0.0011999
0.0014754
0.0025955
0.0017653
0.0016216
0.001263
0.0011173
0.0015206
0.0015624
0.0014339
0.00165
0.0013049
0.0014075
0.0018876
0.0013434
0.0015544
0.0019129
0.0017143
0.0015114
0.0014669
0.0014217
0.001474
0.001223
0.0019447
0.0014926
0.0009127
0.0011897
0.0018109
0.0015798
0.0013214
0.0014157
0.0014702
0.0009556
0.0012505
0.0011776
0.0016105
0.0012112
0.0019343
0.0017315
0.0010215
0.0012728
0.0010434
0.0009876
0.0010526
0.0015137
0.0017285
0.001545
0.0018358
0.0020102
0.0013978
0.0016987
0.0011362
0.0016719
0.0015239
0.0017376
0.0014916
0.0017028
0.002239
0.0014379
0.00151
0.0011305
0.0009885
0.0009809
0.0020854
0.0017609
0.0018499
0.0019078
0.0020736
0.001364
0.0016687
0.0018022
0.0019142
0.001494
0.0017206
0.001584
0.0017346
0.0011302
0.0017985
0.0014603
0.0010867
0.0008776
0.0012187
0.0010598
0.0010291
0.0012252
0.0013874
0.0013196
0.0021381
0.0015683
0.0011581
0.0011528
0.0014368
0.0014168
0.0013307
0.0018588
0.0014099
0.0010848
0.0034137
0.0019355
0.0016928
0.0011082
0.0020169
0.0020937
0.0016872
0.00162
0.0024951
0.0014769
0.0016856
0.0015904
0.0013633
0.0012583
0.0011571
0.0015613
0.001758
0.0020314
0.001847
0.0018141
0.0012547
0.0012819
0.0011883
0.0012626
0.0011503
0.0013307
0.0014358
0.0018589
0.0011492
0.0012317
0.0011317
0.0013899
0.001795
0.0012581
0.0013766
0.0021656
0.002053
0.0023722
0.0014607
0.0012399
0.001374
0.0015855
0.0015998
0.0015605
0.0012241
0.0031337
0.0018112
0.001989
0.0013975
0.0016828
0.0017482
0.00137
0.0017955
0.0016552
0.0020676
0.0020395
0.0016889
0.0019077
0.0014739
0.0013756
0.0011537
0.0017508
0.0012338
0.0015131
0.0012742
0.0011418
0.0014493
0.0016845
0.0019293
0.0019343